0.016 30 :- 31 
0.020 70 :- 87 
0.019 70 :- 89 
0.018 95 :- 96 
0.020 95 :- 97 
0.040 98 :- 99 
0.027 0 :- 19 1 
0.026 14 :- 15 33 
0.026 33 :- 15 14 
0.048 4 :- 33 5 
0.040 4 :- 7 33 
0.010 45 :- 37 56 
0.010 45 :- 37 65 
0.010 37 :- 65 45 
0.010 56 :- 37 65 
0.010 65 :- 37 56 
0.017 59 :- 44 46 
0.010 56 :- 45 65 
0.011 59 :- 51 70 
0.011 59 :- 51 79 
0.011 51 :- 59 79 
0.011 70 :- 51 79 
0.011 79 :- 51 70 
0.011 70 :- 59 79 
0.027 0 :- n71 1 
0.027 19 :- n71 1 
0.033 33 :- n13 14 
0.033 33 :- n58 14 
0.021 33 :- 22 n21 
0.011 33 :- 27 n26 
0.021 33 :- n8 9 
0.016 59 :- 35 n34 
0.011 56 :- n44 46 
0.011 59 :- n46 51 
0.012 59 :- 53 n46 
0.010 56 :- 65 n60 
0.034 56 :- 69 n60 
0.034 56 :- 69 n89 
0.034 70 :- n81 83 
2.000 14 :- 22 15 n21 
2.000 14 :- 27 15 n26 
2.000 14 :- 15 n8 9 
2.000 4 :- 15 5 14 
2.000 4 :- n13 5 14 
2.000 4 :- 5 n58 14 
2.000 4 :- n21 22 5 
2.000 4 :- 27 n26 5 
2.000 4 :- n8 5 9 
2.000 4 :- 7 15 14 
2.000 4 :- 7 n13 14 
2.000 4 :- 7 n58 14 
2.000 4 :- 7 22 n21 
2.000 4 :- 27 7 n26 
2.000 4 :- 7 n8 9 
2.000 45 :- n44 37 46 
2.000 45 :- 37 69 n60 
2.000 45 :- 37 69 n89 
2.000 65 :- n44 37 46 
2.000 65 :- 37 69 n60 
2.000 65 :- 37 69 n89 
2.000 59 :- 51 87 
2.000 59 :- 51 89 
2.000 59 :- n81 51 83 
2.000 51 :- 44 46 79 
2.000 51 :- 35 79 n34 
2.000 51 :- 53 n46 79 
2.000 70 :- 44 46 79 
2.000 70 :- 35 79 n34 
2.000 70 :- 53 n46 79 
2.000 79 :- 51 87 
2.000 79 :- 51 89 
2.000 79 :- n81 51 83 
