0.088 0 :- 10 
0.002 0 :- 26 
0.013 1 :- 7 
0.048 11 :- 3 
0.002 0 :- 13 1 
0.003 0 :- 18 1 
0.001 0 :- 23 1 
0.002 0 :- 29 1 
0.001 0 :- 6 1 
0.002 11 :- 21 0 
0.002 3 :- 21 0 
0.006 23 :- 6 0 
0.001 0 :- 29 25 
0.002 1 :- 10 11 
0.001 1 :- 10 25 
0.002 1 :- 10 3 
0.002 7 :- 12 1 
0.001 23 :- 6 1 
0.008 3 :- 21 11 
0.001 3 :- 9 11 
0.001 5 :- 13 29 
0.002 0 :- 22 n13 
0.002 0 :- 22 n6 
0.008 11 :- 21 n6 
0.008 3 :- 21 n6 
0.011 23 :- n18 6 
2.000 0 :- 13 7 
2.000 0 :- 18 7 
2.000 0 :- 7 23 
2.000 0 :- 7 29 
2.000 0 :- 6 7 
2.000 11 :- 21 10 
2.000 11 :- 21 26 
2.000 11 :- 21 13 1 
2.000 11 :- 21 18 1 
2.000 11 :- 21 23 1 
2.000 11 :- 21 29 1 
2.000 11 :- 21 6 1 
2.000 11 :- 21 29 25 
2.000 11 :- 21 22 n13 
2.000 11 :- 21 13 7 
2.000 11 :- 21 18 7 
2.000 11 :- 21 23 7 
2.000 11 :- 21 7 29 
2.000 11 :- 21 6 7 
2.000 3 :- 21 10 
2.000 3 :- 21 26 
2.000 3 :- 21 13 1 
2.000 3 :- 21 18 1 
2.000 3 :- 21 23 1 
2.000 3 :- 21 29 1 
2.000 3 :- 21 6 1 
2.000 3 :- 21 29 25 
2.000 3 :- 21 22 n13 
2.000 3 :- 21 13 7 
2.000 3 :- 21 18 7 
2.000 3 :- 21 23 7 
2.000 3 :- 21 7 29 
2.000 3 :- 21 6 7 
2.000 23 :- 10 6 
2.000 23 :- 6 26 
2.000 23 :- 6 29 25 
2.000 23 :- 22 6 n13 
2.000 23 :- 22 6 n6 
2.000 23 :- 6 13 7 
2.000 23 :- 6 18 7 
2.000 23 :- 6 7 29 
2.000 23 :- 6 7 
2.000 1 :- 10 21 0 
2.000 1 :- 10 21 n6 
2.000 1 :- 10 21 
2.000 7 :- 10 12 11 
2.000 7 :- 10 12 25 
2.000 7 :- 10 3 12 
2.000 7 :- 10 21 12 0 
2.000 7 :- 10 21 12 n6 
2.000 7 :- 10 21 12 
