0.015 59 :- 49 
0.019 59 :- 53 
0.019 95 :- 96 
0.018 95 :- 97 
0.036 98 :- 99 
0.011 33 :- 70 1 
0.011 33 :- 1 71 
0.011 71 :- 70 1 
0.011 70 :- 1 71 
0.027 33 :- 14 15 
0.027 14 :- 33 15 
0.015 33 :- 35 48 
0.046 4 :- 33 5 
0.044 33 :- 7 4 
0.044 4 :- 7 33 
0.011 70 :- 33 71 
0.010 59 :- 44 45 
0.015 44 :- 59 46 
0.015 59 :- 46 44 
0.020 22 :- n9 10 
0.023 22 :- n9 11 
0.032 33 :- n11 14 
0.018 33 :- n68 21 
0.087 33 :- 4 n3 
0.046 33 :- n3 5 
0.046 4 :- n3 5 
0.010 59 :- n41 40 
0.015 48 :- n40 42 
0.010 44 :- 45 n42 
0.027 59 :- 44 n42 
0.010 59 :- 45 n42 
0.020 59 :- n60 62 
0.018 70 :- 89 n87 
2.000 33 :- 89 n87 1 
2.000 71 :- 89 n87 1 
2.000 14 :- 70 1 15 
2.000 14 :- 71 1 15 
2.000 14 :- 35 48 15 
2.000 14 :- 7 4 15 
2.000 14 :- n68 21 15 
2.000 14 :- 4 n3 15 
2.000 14 :- 5 n3 15 
2.000 14 :- 1 89 n87 15 
2.000 33 :- 35 n40 42 
2.000 4 :- 70 1 5 
2.000 4 :- 71 1 5 
2.000 4 :- 15 14 5 
2.000 4 :- 35 48 5 
2.000 4 :- n11 14 5 
2.000 4 :- n68 21 5 
2.000 4 :- 1 89 n87 5 
2.000 4 :- 35 n40 42 5 
2.000 4 :- 70 7 1 
2.000 4 :- 71 7 1 
2.000 4 :- 14 7 15 
2.000 4 :- 35 48 7 
2.000 4 :- n11 14 7 
2.000 4 :- n68 7 21 
2.000 4 :- 1 7 89 n87 
2.000 4 :- 35 7 n40 42 
2.000 70 :- 15 14 71 
2.000 70 :- 35 48 71 
2.000 70 :- 7 4 71 
2.000 70 :- n11 14 71 
2.000 70 :- n68 21 71 
2.000 70 :- 4 n3 71 
2.000 70 :- 5 n3 71 
2.000 70 :- 35 n40 42 71 
2.000 44 :- 49 46 
2.000 44 :- 53 46 
2.000 44 :- n41 46 40 
2.000 44 :- n60 46 62 
2.000 14 :- 35 n40 42 15 
