0.003 0 :- 22 
0.002 0 :- 23 
0.005 0 :- 26 
0.006 1 :- 15 
0.008 10 :- 19 
0.044 9 :- 11 
0.021 12 :- 13 
0.006 14 :- 15 
0.008 14 :- 19 
0.026 3 :- 16 
0.014 5 :- 18 
0.014 6 :- 18 
0.008 5 :- 19 
0.008 6 :- 19 
0.005 2 :- 21 
0.002 2 :- 24 
0.002 2 :- 25 
0.002 22 :- 23 
0.035 6 :- 5 
0.008 11 :- 10 8 
0.008 10 :- 11 8 
0.042 11 :- 10 9 
0.005 14 :- 10 18 
0.008 19 :- 10 14 
0.008 5 :- 10 14 
0.008 14 :- 10 5 
0.008 6 :- 10 14 
0.008 14 :- 10 6 
0.005 19 :- 10 18 
0.008 19 :- 10 5 
0.008 19 :- 10 6 
0.008 5 :- 10 6 
0.008 9 :- 10 8 
0.008 10 :- 9 8 
0.008 11 :- 9 8 
0.002 0 :- 20 n4 
0.003 10 :- 14 5 n18 
0.003 19 :- 14 5 n18 
2.000 11 :- 19 8 
2.000 11 :- 14 5 n18 8 
2.000 11 :- 19 9 
2.000 11 :- 14 5 n18 9 
2.000 14 :- 11 18 8 
2.000 14 :- 18 9 8 
2.000 19 :- 10 15 
2.000 19 :- 14 11 8 
2.000 19 :- 14 9 8 
2.000 5 :- 10 15 
2.000 5 :- 14 11 8 
2.000 5 :- 14 9 8 
2.000 14 :- 11 5 8 
2.000 14 :- 5 9 8 
2.000 6 :- 10 15 
2.000 6 :- 14 11 8 
2.000 6 :- 14 9 8 
2.000 14 :- 11 6 8 
2.000 14 :- 6 9 8 
2.000 19 :- 11 18 8 
2.000 19 :- 18 9 8 
2.000 19 :- 11 5 8 
2.000 19 :- 5 9 8 
2.000 19 :- 11 6 8 
2.000 19 :- 6 9 8 
2.000 5 :- 11 6 8 
2.000 5 :- 6 9 8 
2.000 9 :- 19 8 
2.000 9 :- 14 5 n18 8 
2.000 10 :- 5 n18 15 
2.000 10 :- 14 n18 18 
2.000 19 :- 5 n18 15 
2.000 19 :- 14 n18 18 
2.000 11 :- 5 n18 15 8 
2.000 11 :- 14 n18 18 8 
2.000 11 :- 5 n18 15 9 
2.000 11 :- 14 n18 18 9 
2.000 19 :- 11 15 8 
2.000 19 :- 15 9 8 
2.000 5 :- 11 15 8 
2.000 5 :- 15 9 8 
2.000 6 :- 11 15 8 
2.000 6 :- 15 9 8 
2.000 9 :- 5 n18 15 8 
2.000 9 :- 14 n18 18 8 
2.000 10 :- n18 15 18 
2.000 19 :- n18 15 18 
2.000 11 :- n18 15 18 8 
2.000 11 :- n18 15 18 9 
2.000 9 :- n18 15 18 8 
