0.744 11 :- 12 
0.014 2 :- 13 
0.014 3 :- 13 
0.001 1 :- 13 0 
0.000 1 :- 6 13 
0.007 9 :- 10 8 
0.010 12 :- 13 11 
0.252 12 :- 11 4 
0.040 12 :- 8 11 
0.000 11 :- 13 5 
0.000 11 :- 6 13 
0.000 12 :- 13 5 
0.000 12 :- 13 6 
0.000 4 :- 13 5 
0.000 7 :- 6 13 
0.000 7 :- 8 13 
0.017 2 :- 9 3 
0.020 4 :- 3 5 
0.048 5 :- 6 4 
0.012 7 :- 8 6 
0.175 2 :- 1 n0 
0.082 10 :- 9 n8 
0.138 6 :- n8 7 
2.000 1 :- 13 n8 7 
2.000 12 :- 3 11 5 
2.000 11 :- 13 n8 7 
2.000 12 :- 13 n8 7 
2.000 2 :- 3 10 8 
2.000 5 :- n8 7 4 
2.000 6 :- 13 8 n8 
2.000 1 :- 8 13 n8 
2.000 11 :- 8 13 n8 
2.000 12 :- 8 13 n8 
2.000 5 :- 13 8 n8 4 
