0.018 33 :- 18 
0.011 44 :- 45 
0.011 59 :- 45 
0.011 70 :- 79 
0.032 70 :- 83 
0.020 70 :- 87 
0.015 70 :- 89 
0.019 95 :- 96 
0.021 95 :- 97 
0.037 98 :- 99 
0.013 9 :- 10 33 
0.029 14 :- 15 33 
0.011 35 :- 20 21 
0.011 20 :- 21 35 
0.017 35 :- 20 22 
0.044 4 :- 33 5 
0.044 33 :- 4 5 
0.044 4 :- 33 7 
0.044 33 :- 4 7 
0.011 59 :- 70 51 
0.011 51 :- 59 79 
0.011 59 :- 79 51 
0.011 79 :- 70 51 
0.029 14 :- n13 15 
0.034 33 :- n13 14 
0.029 33 :- n13 15 
0.085 33 :- n3 4 
0.043 33 :- n6 7 
0.043 4 :- n6 7 
0.027 59 :- n36 44 
0.018 46 :- 49 n47 
0.015 46 :- n48 49 
0.021 46 :- n60 63 
0.018 46 :- n60 65 
0.022 70 :- n71 73 
2.000 9 :- 18 10 
2.000 9 :- 10 4 5 
2.000 9 :- 10 4 7 
2.000 9 :- n13 14 10 
2.000 9 :- n13 15 10 
2.000 9 :- n3 10 4 
2.000 9 :- 10 n6 7 
2.000 14 :- 18 15 
2.000 14 :- 15 4 5 
2.000 14 :- 15 4 7 
2.000 14 :- n3 15 4 
2.000 14 :- 15 n6 7 
2.000 4 :- 18 5 
2.000 4 :- n13 14 5 
2.000 4 :- n13 15 5 
2.000 4 :- 18 7 
2.000 4 :- n13 14 7 
2.000 4 :- n13 15 7 
2.000 59 :- 83 51 
2.000 59 :- 87 51 
2.000 59 :- 89 51 
2.000 59 :- n71 73 51 
2.000 51 :- 79 45 
2.000 51 :- 79 n36 44 
2.000 79 :- 83 51 
2.000 79 :- 87 51 
2.000 79 :- 89 51 
2.000 79 :- n71 73 51 
