0.014 10 :- 19 
0.007 22 :- 18 
0.002 11 :- 1 4 
0.001 11 :- 23 13 
0.001 11 :- 13 25 
0.002 15 :- 23 16 
0.002 7 :- 20 24 
0.001 24 :- 21 7 
0.001 7 :- 24 21 
0.001 12 :- 0 24 15 
0.001 12 :- 20 24 0 
0.001 0 :- 20 21 15 
0.001 15 :- 0 20 21 
0.001 11 :- 13 10 15 
0.001 15 :- 20 4 10 
0.001 15 :- 23 5 25 
0.001 23 :- 5 25 15 
0.002 4 :- 1 11 n25 
0.002 11 :- 13 n19 10 
0.001 7 :- n1 24 11 
0.001 7 :- 24 11 n25 
0.001 20 :- n18 3 7 
2.000 12 :- 23 16 24 0 
2.000 12 :- 7 15 21 0 
2.000 12 :- 20 24 15 21 
2.000 12 :- 25 24 23 5 0 
2.000 12 :- 7 20 21 0 
2.000 12 :- 7 24 n18 3 0 
2.000 0 :- 23 20 16 21 
2.000 0 :- 20 10 4 21 
2.000 0 :- 20 25 23 5 21 
2.000 0 :- 7 15 n18 3 21 
2.000 15 :- 0 7 n18 3 21 
2.000 11 :- 13 19 15 
2.000 11 :- 13 20 10 21 0 
2.000 11 :- 13 20 10 4 
2.000 11 :- 13 7 10 n18 3 21 0 
2.000 15 :- 19 20 4 
2.000 15 :- 20 11 10 1 n25 
2.000 15 :- 10 n18 3 4 7 
2.000 23 :- 20 25 5 21 0 
2.000 23 :- 20 25 10 5 4 
2.000 23 :- 7 25 n18 5 3 21 0 
2.000 23 :- 19 20 25 5 4 
2.000 23 :- 20 25 11 10 5 1 n25 
2.000 23 :- 25 10 5 n18 3 4 7 
2.000 4 :- 23 13 1 n25 
2.000 4 :- 13 1 25 n25 
2.000 4 :- 13 10 1 15 n25 
2.000 4 :- 13 n19 1 10 n25 
2.000 4 :- 13 19 15 1 n25 
2.000 4 :- 13 0 20 10 1 21 n25 
2.000 4 :- 10 n25 21 13 0 n18 1 3 7 
2.000 11 :- 13 19 n19 
2.000 7 :- 1 n1 24 4 
2.000 7 :- 23 13 n1 24 
2.000 7 :- 13 n1 25 24 
2.000 7 :- 13 n1 24 10 15 
2.000 7 :- 13 n1 24 n19 10 
2.000 7 :- 13 n1 19 24 15 
2.000 7 :- 13 n1 19 24 n19 
2.000 7 :- 1 4 24 n25 
2.000 7 :- 23 13 24 n25 
2.000 7 :- 13 25 24 n25 
2.000 7 :- 13 24 10 15 n25 
2.000 7 :- 13 24 n19 10 n25 
2.000 7 :- 13 19 24 15 n25 
2.000 7 :- 13 19 24 n19 n25 
2.000 20 :- 3 24 21 n18 
2.000 20 :- n1 24 11 n18 3 
2.000 20 :- 24 11 n18 3 n25 
2.000 20 :- n1 24 n18 1 3 4 
2.000 20 :- 13 n1 24 n18 23 3 
2.000 20 :- 13 n1 25 24 n18 3 
2.000 20 :- 13 n1 24 n18 10 15 3 
2.000 20 :- 13 n1 24 n18 n19 3 10 
2.000 20 :- 13 n1 19 24 n18 15 3 
2.000 20 :- 13 n1 19 24 n18 n19 3 
2.000 20 :- 24 n18 1 3 4 n25 
2.000 20 :- 13 24 n18 23 3 n25 
2.000 20 :- 13 25 24 n18 3 n25 
2.000 20 :- 13 24 n18 10 15 3 n25 
2.000 20 :- 13 24 n18 n19 3 10 n25 
2.000 20 :- 13 19 24 n18 15 3 n25 
2.000 20 :- 13 19 24 n18 n19 3 n25 
2.000 12 :- 7 16 23 21 0 
2.000 12 :- 20 16 24 23 21 
2.000 12 :- 24 23 21 16 15 n18 3 7 
2.000 12 :- 7 20 15 21 
2.000 12 :- 7 25 23 5 21 0 
2.000 12 :- 21 15 n18 3 7 
2.000 12 :- 0 21 n18 3 7 
2.000 12 :- 20 24 10 4 21 
2.000 12 :- 20 25 24 23 5 21 
2.000 12 :- 19 20 24 4 21 
2.000 12 :- 24 11 10 21 n25 20 1 
2.000 12 :- 24 15 n18 3 21 
2.000 12 :- 7 20 16 23 21 
2.000 12 :- 7 20 10 4 21 
2.000 12 :- 25 23 5 21 20 7 
2.000 12 :- 24 n18 3 21 0 
2.000 12 :- n1 24 11 n18 3 0 
2.000 12 :- n25 24 11 n18 3 0 
2.000 12 :- n1 24 0 n18 1 3 4 
2.000 12 :- n1 24 23 0 13 n18 3 
2.000 12 :- n1 25 24 0 13 n18 3 
2.000 12 :- n1 24 10 n19 0 13 n18 3 
2.000 12 :- n1 24 n19 0 13 19 n18 3 
2.000 12 :- 24 0 n25 n18 1 3 4 
2.000 12 :- 24 23 0 n25 13 n18 3 
2.000 12 :- 25 24 0 n25 13 n18 3 
2.000 12 :- 24 10 n19 0 n25 13 n18 3 
2.000 12 :- 24 n19 0 n25 13 19 n18 3 
2.000 0 :- 7 16 n18 23 3 21 
2.000 0 :- 25 5 21 19 20 16 4 
2.000 0 :- 25 11 10 5 21 n25 20 16 1 
2.000 0 :- 16 24 n18 23 3 21 
2.000 0 :- 19 20 4 21 
2.000 0 :- n25 20 11 10 1 21 
2.000 0 :- 7 10 n18 3 4 21 
2.000 0 :- 13 n25 20 10 23 1 21 
2.000 0 :- 13 n25 20 25 10 1 21 
2.000 0 :- 10 21 n25 13 20 n19 1 
2.000 0 :- 24 10 n18 3 4 21 
2.000 0 :- 7 25 n18 23 5 3 21 
2.000 0 :- 25 24 23 5 21 n18 3 
2.000 0 :- 24 n18 15 3 21 
2.000 15 :- 0 24 n18 3 21 
2.000 15 :- 10 23 21 n25 13 20 n18 1 3 7 
2.000 15 :- 25 10 21 n25 13 20 n18 1 3 7 
2.000 15 :- 10 n19 21 n25 13 20 n18 1 3 7 
2.000 11 :- 13 19 20 21 0 
2.000 11 :- 13 19 7 n18 3 21 0 
2.000 11 :- 13 19 20 4 
2.000 11 :- 13 19 10 n18 3 4 7 
2.000 11 :- 13 19 24 n18 3 21 0 
2.000 11 :- 24 10 0 21 13 n18 3 
2.000 11 :- 13 10 n18 3 4 7 
2.000 11 :- 13 24 10 n18 3 4 21 
2.000 15 :- 19 20 11 1 n25 
2.000 15 :- 19 n18 3 4 7 
2.000 15 :- 13 19 20 23 1 n25 
2.000 15 :- 13 19 20 25 1 n25 
2.000 15 :- 13 19 20 n19 1 10 n25 
2.000 15 :- 19 24 n18 3 4 21 
2.000 15 :- 19 n1 24 11 n18 3 4 
2.000 15 :- 19 24 11 n18 3 4 n25 
2.000 15 :- n1 24 19 n18 1 3 4 
2.000 15 :- n1 24 23 13 19 n18 3 4 
2.000 15 :- n1 25 24 13 19 n18 3 4 
2.000 15 :- n1 24 10 n19 13 19 n18 3 4 
2.000 15 :- n1 24 n19 13 19 n18 3 4 
2.000 15 :- 24 n25 19 n18 1 3 4 
2.000 15 :- 24 23 n25 13 19 n18 3 4 
2.000 15 :- 25 24 n25 13 19 n18 3 4 
2.000 15 :- 24 10 n19 n25 13 19 n18 3 4 
2.000 15 :- 24 n19 n25 13 19 n18 3 4 
2.000 15 :- 13 20 10 23 1 n25 
2.000 15 :- 13 20 25 10 1 n25 
2.000 15 :- 13 20 n19 10 1 n25 
2.000 15 :- 7 3 11 10 1 n18 n25 
2.000 15 :- 24 11 10 n25 21 n18 1 3 
2.000 15 :- n1 24 11 10 n25 n18 1 3 
2.000 15 :- 24 11 10 n25 n18 1 3 
2.000 15 :- 24 n18 10 3 4 21 
2.000 15 :- n1 24 11 n18 10 3 4 
2.000 15 :- 24 11 n18 10 3 4 n25 
2.000 15 :- 10 23 n25 13 n18 1 3 7 
2.000 15 :- 25 10 n25 13 n18 1 3 7 
2.000 15 :- 10 n19 n25 13 n18 1 3 7 
2.000 15 :- n1 24 10 n18 1 3 4 
2.000 15 :- n1 24 10 23 13 n18 3 4 
2.000 15 :- n1 25 24 10 13 n18 3 4 
2.000 15 :- n1 24 10 n19 13 n18 3 4 
2.000 15 :- 24 10 n25 n18 1 3 4 
2.000 15 :- 24 10 23 n25 13 n18 3 4 
2.000 15 :- 25 24 10 n25 13 n18 3 4 
2.000 15 :- 24 10 n19 n25 13 n18 3 4 
2.000 23 :- 25 24 5 0 21 n18 3 
2.000 23 :- 25 10 5 21 n25 13 20 1 
2.000 23 :- 25 10 5 n25 13 20 1 
2.000 23 :- 25 24 10 5 21 n18 3 4 
2.000 23 :- n1 25 24 11 10 5 n18 3 4 
2.000 23 :- 25 24 11 10 5 n25 n18 3 4 
2.000 23 :- n1 25 24 10 5 n18 1 3 4 
2.000 23 :- n1 25 24 10 5 13 n18 3 4 
2.000 23 :- 25 24 10 5 n25 n18 1 3 4 
2.000 23 :- 25 24 10 5 n25 13 n18 3 4 
2.000 23 :- 19 20 25 11 5 1 n25 
2.000 23 :- 19 25 n18 5 3 4 7 
2.000 23 :- 25 5 n25 13 19 20 1 
2.000 23 :- 25 24 5 21 19 n18 3 4 
2.000 23 :- n1 25 24 11 5 19 n18 3 4 
2.000 23 :- 25 24 11 5 n25 19 n18 3 4 
2.000 23 :- n1 25 24 5 19 n18 1 3 4 
2.000 23 :- n1 25 24 5 13 19 n18 3 4 
2.000 23 :- 25 24 5 n25 19 n18 1 3 4 
2.000 23 :- 25 24 5 n25 13 19 n18 3 4 
2.000 23 :- 25 11 10 5 n25 n18 1 3 7 
2.000 23 :- 25 24 11 10 5 n25 21 n18 1 3 
2.000 23 :- n1 25 24 11 10 5 n25 n18 1 3 
2.000 23 :- 25 24 11 10 5 n25 n18 1 3 
2.000 23 :- 25 10 5 n25 13 n18 1 3 7 
2.000 4 :- 24 10 n25 0 13 21 n18 1 3 
2.000 4 :- 13 19 n19 1 n25 
2.000 4 :- 13 19 0 20 1 21 n25 
2.000 4 :- n25 0 13 19 21 n18 1 3 7 
2.000 4 :- 24 n25 0 13 19 21 n18 1 3 
2.000 12 :- 23 21 16 n18 3 7 
2.000 12 :- 24 23 21 16 n18 3 
2.000 12 :- 25 24 10 5 21 n25 13 20 16 1 
2.000 12 :- 25 24 11 5 21 n25 19 20 16 1 
2.000 12 :- 25 24 5 21 n25 13 19 20 16 1 
2.000 12 :- 7 20 19 4 21 
2.000 12 :- 11 10 21 n25 20 1 7 
2.000 12 :- 10 23 21 n25 13 20 n18 1 3 7 
2.000 12 :- 25 10 21 n25 13 20 n18 1 3 7 
2.000 12 :- 1 10 21 n25 13 20 n19 n18 3 7 
2.000 12 :- 11 21 n25 19 20 1 7 
2.000 12 :- 23 21 n25 13 19 20 1 7 
2.000 12 :- 25 21 n25 13 19 20 1 7 
2.000 12 :- 10 21 n25 13 19 20 n19 1 7 
2.000 12 :- 10 23 21 n25 13 20 1 7 
2.000 12 :- 25 10 21 n25 13 20 1 7 
2.000 12 :- 10 21 n25 13 20 n19 1 7 
2.000 12 :- 25 10 23 5 21 n18 3 4 7 
2.000 12 :- 25 23 5 21 n18 3 7 
2.000 12 :- 10 21 n18 3 4 7 
2.000 12 :- 21 19 n18 3 4 7 
2.000 12 :- 11 10 21 n25 n18 1 3 7 
2.000 12 :- 10 23 21 n25 13 n18 1 3 7 
2.000 12 :- 25 10 21 n25 13 n18 1 3 7 
2.000 12 :- 10 n19 21 n25 13 n18 1 3 7 
2.000 12 :- 24 10 23 21 n25 13 20 1 
2.000 12 :- 25 24 10 21 n25 13 20 1 
2.000 12 :- 24 10 21 n25 13 20 n19 1 
2.000 12 :- 24 10 21 n18 3 4 
2.000 12 :- 25 24 23 5 21 n18 3 
2.000 12 :- 25 24 11 5 21 n25 19 20 1 
2.000 12 :- 25 24 5 21 n25 13 19 20 1 
2.000 12 :- n25 19 20 24 11 1 21 
2.000 12 :- 24 23 21 n25 13 19 20 1 
2.000 12 :- 25 24 21 n25 13 19 20 1 
2.000 12 :- 24 21 19 n18 3 4 
2.000 12 :- 24 21 n25 13 19 20 n19 1 
2.000 12 :- 24 11 10 21 n25 n18 1 3 
2.000 0 :- 25 11 5 21 n25 19 20 16 n18 1 3 7 
2.000 0 :- 25 5 21 19 16 n18 3 4 7 
2.000 0 :- 25 5 21 n25 13 19 20 16 n18 1 3 7 
2.000 0 :- 25 11 10 5 21 n25 16 n18 1 3 7 
2.000 0 :- 25 10 5 21 n25 13 16 n18 1 3 7 
2.000 0 :- 25 11 5 21 n25 19 20 16 1 
2.000 0 :- 25 5 21 n25 13 19 20 16 1 
2.000 0 :- 25 24 5 21 19 16 n18 3 4 
2.000 0 :- 25 24 11 10 5 21 n25 16 n18 1 3 
2.000 0 :- n25 19 20 11 1 21 
2.000 0 :- 19 7 n18 3 4 21 
2.000 0 :- 13 19 20 n25 23 1 21 
2.000 0 :- 13 19 20 25 n25 1 21 
2.000 0 :- 19 24 n18 3 4 21 
2.000 0 :- 21 n25 13 19 20 n19 1 
2.000 0 :- n25 7 3 11 10 1 n18 21 
2.000 0 :- 24 11 10 n25 21 n18 1 3 
2.000 0 :- 10 23 21 n25 13 n18 1 3 7 
2.000 0 :- 25 10 21 n25 13 n18 1 3 7 
2.000 0 :- 10 n19 21 n25 13 n18 1 3 7 
2.000 0 :- 24 10 23 21 n25 13 n18 1 3 
2.000 0 :- 25 24 10 21 n25 13 n18 1 3 
2.000 0 :- 24 10 n18 21 n25 13 n19 1 3 
2.000 15 :- 24 n19 21 n25 13 19 20 n18 1 3 
2.000 15 :- 24 10 23 21 n25 13 n18 1 3 
2.000 15 :- 25 24 10 21 n25 13 n18 1 3 
2.000 15 :- 24 10 n19 21 n25 13 n18 1 3 
2.000 15 :- 1 21 n25 13 19 20 n19 n18 3 7 
2.000 11 :- 21 13 19 n18 3 4 7 
2.000 11 :- 13 19 n18 3 4 7 
2.000 11 :- 13 19 24 n18 3 4 21 
2.000 15 :- 19 7 11 n18 1 3 n25 
2.000 15 :- 13 19 20 n19 1 n25 
2.000 15 :- 24 11 n25 21 19 n18 1 3 
2.000 15 :- n1 24 11 n25 19 n18 1 3 
2.000 15 :- 24 11 n25 19 n18 1 3 
2.000 15 :- 23 n25 13 19 n18 1 3 7 
2.000 15 :- 25 n25 13 19 n18 1 3 7 
2.000 15 :- n19 n25 13 19 n18 1 3 7 
2.000 15 :- 24 23 n25 21 13 19 n18 1 3 
2.000 15 :- n1 24 23 n25 13 19 n18 1 3 
2.000 15 :- 24 23 n25 13 19 n18 1 3 
2.000 15 :- 25 24 n25 21 13 19 n18 1 3 
2.000 15 :- n1 25 24 n25 13 19 n18 1 3 
2.000 15 :- 25 24 n25 13 19 n18 1 3 
2.000 15 :- n1 24 10 n18 n25 13 19 n19 1 3 
2.000 15 :- 24 10 n18 n25 13 19 n19 1 3 
2.000 15 :- 24 n19 21 n25 13 19 n18 1 3 
2.000 15 :- n1 24 n19 n25 13 19 n18 1 3 
2.000 15 :- 24 n19 n25 13 19 n18 1 3 
2.000 15 :- n1 24 10 23 n25 13 n18 1 3 
2.000 15 :- 24 10 23 n25 13 n18 1 3 
2.000 15 :- n1 25 24 10 n25 13 n18 1 3 
2.000 15 :- 25 24 10 n25 13 n18 1 3 
2.000 15 :- n1 24 10 n18 n25 13 n19 1 3 
2.000 15 :- 24 10 n18 n25 13 n19 1 3 
2.000 23 :- 25 24 10 5 21 n25 13 n18 1 3 
2.000 23 :- n1 25 24 10 5 n25 13 n18 1 3 
2.000 23 :- 25 24 10 5 n25 13 n18 1 3 
2.000 23 :- 25 11 5 n25 19 n18 1 3 7 
2.000 23 :- 25 24 11 5 n25 21 19 n18 1 3 
2.000 23 :- n1 25 24 11 5 n25 19 n18 1 3 
2.000 23 :- 25 24 11 5 n25 19 n18 1 3 
2.000 23 :- 25 5 n25 13 19 n18 1 3 7 
2.000 23 :- 25 24 5 n25 21 13 19 n18 1 3 
2.000 23 :- n1 25 24 5 n25 13 19 n18 1 3 
2.000 23 :- 25 24 5 n25 13 19 n18 1 3 
2.000 12 :- 25 11 5 21 n25 19 16 n18 1 3 7 
2.000 12 :- 25 5 21 n25 13 19 16 n18 1 3 7 
2.000 12 :- 25 24 10 5 21 n25 13 16 n18 1 3 
2.000 12 :- 25 24 11 5 21 n25 19 16 n18 1 3 
2.000 12 :- 25 24 5 21 n25 13 19 16 n18 1 3 
2.000 12 :- 21 n25 13 19 20 n19 1 7 
2.000 12 :- 11 21 n25 19 n18 1 3 7 
2.000 12 :- 23 n25 21 13 19 n18 1 3 7 
2.000 12 :- 25 n25 21 13 19 n18 1 3 7 
2.000 12 :- n19 21 n25 13 19 n18 1 3 7 
2.000 12 :- 24 10 23 21 n25 13 n18 1 3 
2.000 12 :- 25 24 10 21 n25 13 n18 1 3 
2.000 12 :- 1 24 10 21 n25 13 n19 n18 3 
2.000 12 :- 25 24 5 21 n18 3 11 n25 19 1 
2.000 12 :- 25 24 5 21 n18 3 n25 13 19 1 
2.000 12 :- 24 11 21 n25 19 n18 1 3 
2.000 12 :- 24 23 n25 21 13 19 n18 1 3 
2.000 12 :- 25 24 n25 21 13 19 n18 1 3 
2.000 12 :- 24 n19 21 n25 13 19 n18 1 3 
2.000 0 :- 25 11 5 21 n25 19 16 n18 1 3 7 
2.000 0 :- 25 5 21 n25 13 19 16 n18 1 3 7 
2.000 0 :- 25 24 11 5 21 n25 19 16 n18 1 3 
2.000 0 :- 25 24 5 21 n25 13 19 16 n18 1 3 
2.000 0 :- n25 19 7 11 n18 1 3 21 
2.000 0 :- 24 11 n25 21 19 n18 1 3 
2.000 0 :- 23 21 n25 13 19 n18 1 3 7 
2.000 0 :- 25 21 n25 13 19 n18 1 3 7 
2.000 0 :- n19 21 n25 13 19 n18 1 3 7 
2.000 0 :- 24 23 21 n25 13 19 n18 1 3 
2.000 0 :- 25 24 21 n25 13 19 n18 1 3 
2.000 0 :- 24 n19 21 n25 13 19 n18 1 3 
