0.006 1 :- 30 
0.003 12 :- 19 
0.014 14 :- 36 
0.001 22 :- 15 
0.002 17 :- 33 
0.003 2 :- 32 
0.010 23 :- 28 
0.040 26 :- 34 
0.002 4 :- 33 
0.002 22 :- 6 11 
0.001 36 :- 14 2 
0.001 36 :- 29 14 
0.001 6 :- 4 22 
0.002 6 :- 22 8 
0.002 22 :- 8 6 
0.001 6 :- 26 22 35 
0.006 12 :- n34 13 
0.002 22 :- 8 n11 
0.002 22 :- 8 n20 
0.002 6 :- 8 n11 
0.002 6 :- 8 n20 
0.006 12 :- n10 n35 13 
0.001 36 :- n10 14 26 
0.003 22 :- 27 6 n3 
0.003 22 :- 27 n35 6 
0.003 22 :- 27 6 n7 
0.002 6 :- 22 n20 35 
2.000 36 :- 32 14 
2.000 6 :- 4 15 
2.000 6 :- 22 33 
2.000 6 :- 8 15 
2.000 6 :- 26 15 35 
2.000 6 :- 22 34 35 
2.000 36 :- n10 34 14 
2.000 6 :- n20 15 35 
2.000 6 :- 33 15 
2.000 6 :- 34 15 35 
