0.055 4 :- 5 
0.011 70 :- 79 
0.011 32 :- 1 69 
0.011 9 :- 33 10 
0.031 32 :- 14 13 
0.024 14 :- 15 33 
0.045 3 :- 4 32 
0.040 32 :- 3 6 
0.040 3 :- 6 32 
0.010 8 :- 9 32 
0.040 33 :- 4 7 
0.040 4 :- 7 33 
0.011 58 :- 44 43 
0.011 43 :- 44 58 
0.017 43 :- 45 58 
0.017 58 :- 45 43 
0.010 44 :- 45 70 
0.018 59 :- 46 44 
0.018 44 :- 46 59 
0.010 59 :- 45 70 
0.011 59 :- 51 70 
0.011 59 :- 51 79 
0.011 51 :- 79 59 
0.011 70 :- 59 83 
0.025 32 :- n71 1 
0.024 14 :- 15 n13 
0.029 33 :- n13 14 
0.024 33 :- 15 n13 
0.023 33 :- 22 n21 
0.040 3 :- 6 n5 
0.040 32 :- 6 n5 
0.015 59 :- n34 35 
0.027 58 :- n40 43 
0.010 58 :- 50 n47 
0.011 59 :- 51 n50 
0.013 59 :- 53 n52 
0.019 69 :- 88 n53 
0.019 69 :- n54 88 
0.021 70 :- n52 87 
0.021 70 :- n53 87 
0.015 70 :- 89 n82 
0.020 94 :- n95 96 
0.038 98 :- 99 n97 
2.000 32 :- 88 1 n53 
2.000 32 :- n54 88 1 
2.000 9 :- 4 7 10 
2.000 9 :- n13 14 10 
2.000 9 :- 15 n13 10 
2.000 9 :- 22 n21 10 
2.000 32 :- 15 33 13 
2.000 32 :- 15 n13 13 
2.000 14 :- 15 4 7 
2.000 14 :- 15 n21 22 
2.000 3 :- 5 32 
2.000 3 :- 4 1 69 
2.000 3 :- 4 14 13 
2.000 3 :- 7 33 32 
2.000 3 :- 4 n71 1 
2.000 3 :- 4 88 1 n53 
2.000 3 :- 4 88 1 n54 
2.000 3 :- 4 33 15 13 
2.000 3 :- 4 n13 15 13 
2.000 3 :- 1 69 6 
2.000 3 :- 14 6 13 
2.000 3 :- n71 1 6 
2.000 3 :- n53 88 1 6 
2.000 3 :- n54 88 1 6 
2.000 3 :- 15 33 6 13 
2.000 3 :- 15 n13 6 13 
2.000 8 :- 1 69 9 
2.000 8 :- 33 10 32 
2.000 8 :- 14 9 13 
2.000 8 :- 3 9 6 
2.000 8 :- n71 1 9 
2.000 8 :- 9 6 n5 
2.000 8 :- n53 88 1 9 
2.000 8 :- n54 88 1 9 
2.000 8 :- 4 7 10 32 
2.000 8 :- n13 14 10 32 
2.000 8 :- 15 n13 10 32 
2.000 8 :- 22 n21 10 32 
2.000 8 :- 15 33 9 13 
2.000 8 :- 15 n13 9 13 
2.000 33 :- 7 5 
2.000 4 :- 14 n13 7 
2.000 4 :- 15 n13 7 
2.000 4 :- 22 n21 7 
2.000 58 :- 46 59 43 
2.000 43 :- 46 58 59 
2.000 43 :- 50 44 n47 
2.000 43 :- 50 45 n47 
2.000 44 :- 79 45 
2.000 44 :- 59 45 83 
2.000 44 :- 45 87 n52 
2.000 44 :- 45 n53 87 
2.000 44 :- 89 45 n82 
2.000 59 :- 79 46 45 
2.000 59 :- 46 45 n52 87 
2.000 59 :- 46 45 n53 87 
2.000 59 :- 46 45 89 n82 
2.000 44 :- 51 46 70 
2.000 44 :- 51 46 79 
2.000 44 :- 46 n34 35 
2.000 44 :- 51 46 n50 
2.000 44 :- 46 53 n52 
2.000 59 :- 79 45 
2.000 59 :- 45 87 n52 
2.000 59 :- 45 n53 87 
2.000 59 :- 89 45 n82 
2.000 59 :- 51 87 n52 
2.000 59 :- 51 n53 87 
2.000 59 :- 51 89 n82 
2.000 51 :- 79 46 44 
2.000 51 :- 79 45 70 
2.000 51 :- 79 n34 35 
2.000 51 :- 79 53 n52 
2.000 51 :- 79 46 45 
2.000 51 :- 79 45 
2.000 70 :- 46 44 83 
2.000 70 :- n34 83 35 
2.000 70 :- 51 n50 83 
2.000 70 :- 53 83 n52 
2.000 9 :- 7 10 5 
2.000 32 :- 15 4 7 13 
2.000 32 :- 15 n21 22 13 
2.000 32 :- 15 7 5 13 
2.000 14 :- 15 7 5 
2.000 3 :- 1 5 69 
2.000 3 :- 14 5 13 
2.000 3 :- n71 1 5 
2.000 3 :- 88 1 5 n53 
2.000 3 :- n54 88 1 5 
2.000 3 :- 15 33 5 13 
2.000 3 :- 15 n13 5 13 
2.000 3 :- 4 7 13 15 5 
2.000 3 :- 22 13 15 n21 5 
2.000 3 :- 7 13 15 5 
2.000 3 :- 7 1 69 33 
2.000 3 :- n13 14 1 7 69 
2.000 3 :- n13 7 1 15 69 
2.000 3 :- 22 7 1 n21 69 
2.000 3 :- 7 14 33 13 
2.000 3 :- 4 7 13 15 
2.000 3 :- 4 22 13 15 n21 
2.000 3 :- n13 14 7 13 
2.000 3 :- 22 14 7 13 n21 
2.000 3 :- 7 1 n71 33 
2.000 3 :- 14 n13 7 32 
2.000 3 :- 15 n13 7 32 
2.000 3 :- 22 n21 7 32 
2.000 3 :- 7 1 88 33 n53 
2.000 3 :- n54 7 1 88 33 
2.000 3 :- 7 13 15 33 
2.000 3 :- n13 n71 1 14 7 
2.000 3 :- n13 n71 1 7 15 
2.000 3 :- 22 n71 1 7 n21 
2.000 3 :- n13 14 1 7 88 n53 
2.000 3 :- n13 7 1 15 88 n53 
2.000 3 :- 22 7 1 n21 88 n53 
2.000 3 :- n54 n13 14 1 7 88 
2.000 3 :- n54 n13 7 1 15 88 
2.000 3 :- n54 22 7 1 n21 88 
2.000 3 :- n13 7 13 15 
2.000 3 :- 22 6 13 15 n21 
2.000 8 :- 33 1 69 10 
2.000 8 :- 4 7 1 10 69 
2.000 8 :- n13 14 1 10 69 
2.000 8 :- n13 1 15 10 69 
2.000 8 :- 22 1 n21 10 69 
2.000 8 :- 7 1 5 10 69 
2.000 8 :- 14 33 10 13 
2.000 8 :- 3 33 10 6 
2.000 8 :- 1 33 10 n71 
2.000 8 :- 33 10 6 n5 
2.000 8 :- 1 88 33 10 n53 
2.000 8 :- n54 1 88 33 10 
2.000 8 :- 13 15 33 10 
2.000 8 :- 7 10 5 32 
2.000 8 :- 4 14 7 13 10 
2.000 8 :- n13 14 13 10 
2.000 8 :- 22 14 13 n21 10 
2.000 8 :- 4 7 13 15 9 
2.000 8 :- 22 13 15 n21 9 
2.000 8 :- 14 7 13 10 5 
2.000 8 :- 7 13 15 5 9 
2.000 8 :- 4 7 6 3 10 
2.000 8 :- n13 14 6 3 10 
2.000 8 :- n13 6 3 10 15 
2.000 8 :- 22 6 3 n21 10 
2.000 8 :- 7 6 3 10 5 
2.000 8 :- 4 n71 1 7 10 
2.000 8 :- n13 n71 1 14 10 
2.000 8 :- n13 n71 1 15 10 
2.000 8 :- 22 n71 1 n21 10 
2.000 8 :- n71 1 7 10 5 
2.000 8 :- 4 7 6 n5 10 
2.000 8 :- n13 14 6 n5 10 
2.000 8 :- n13 6 n5 15 10 
2.000 8 :- 22 6 n5 n21 10 
2.000 8 :- 7 6 n5 10 5 
2.000 8 :- 4 7 1 88 10 n53 
2.000 8 :- n13 14 1 88 10 n53 
2.000 8 :- n13 1 15 88 10 n53 
2.000 8 :- 22 1 n21 88 10 n53 
2.000 8 :- 7 1 88 10 5 n53 
2.000 8 :- n54 4 7 1 88 10 
2.000 8 :- n54 n13 14 1 88 10 
2.000 8 :- n54 n13 1 15 88 10 
2.000 8 :- n54 22 1 n21 88 10 
2.000 8 :- n54 7 1 88 10 5 
2.000 8 :- 4 n13 7 13 15 10 
2.000 8 :- 4 7 13 15 10 
2.000 8 :- n13 13 15 10 
2.000 8 :- 22 13 n21 10 15 
2.000 58 :- 51 46 70 43 
2.000 58 :- 51 46 43 79 
2.000 58 :- 46 n34 43 35 
2.000 58 :- 51 46 n50 43 
2.000 58 :- 46 53 n52 43 
2.000 58 :- 87 n52 51 46 43 
2.000 58 :- 87 51 46 n53 43 
2.000 58 :- n82 89 51 46 43 
2.000 43 :- 51 46 70 58 
2.000 43 :- 51 46 58 79 
2.000 43 :- 46 n34 58 35 
2.000 43 :- 46 59 50 n47 
2.000 43 :- 51 46 58 n50 
2.000 43 :- 46 53 58 n52 
2.000 43 :- 58 n52 51 46 87 
2.000 43 :- 58 51 46 n53 87 
2.000 43 :- n82 58 89 51 46 
2.000 43 :- n47 46 51 50 70 
2.000 43 :- 79 n47 46 51 50 
2.000 43 :- n34 n47 46 50 35 
2.000 43 :- n50 n47 46 51 50 
2.000 43 :- 53 n47 46 n52 50 
2.000 44 :- 45 n34 83 35 
2.000 44 :- 51 45 n50 83 
2.000 44 :- 45 53 83 n52 
2.000 44 :- 51 46 87 n52 
2.000 44 :- 51 46 n53 87 
2.000 44 :- 51 46 n82 89 
2.000 3 :- 22 7 13 15 n21 
2.000 8 :- 7 13 15 10 5 
2.000 43 :- 50 n47 51 46 n52 87 
2.000 43 :- 50 n47 51 46 n53 87 
2.000 43 :- n82 89 50 n47 51 46 
